3.876057207830262974e-01
6.096904909179039045e+00
1.253007655290348625e-02
3.358025459663180074e-04
2.575350311019408537e-05
3.513489012798073450e-06
6.900990903820251469e-07
1.743071528987998117e-07
5.292246331929820919e-08
1.849237796820740495e-08
7.219369225094675599e-09
3.083148754425520153e-09
1.417958982734248966e-09
6.939948868062764035e-10
3.581564805889926282e-10
1.934766325790764292e-10
1.087557114075630744e-10
6.330552912447634525e-11
3.800718997260976844e-11
2.345746956149092201e-11
1.484077584935479683e-11
